
0.00000008742278, -0.0015338971, -0.003067878, -0.0046018516, -0.006135815, -0.007669763, -0.009203694, -0.010737603, -0.012271485, -0.01380534, -0.015339162, -0.016872948, -0.018406695, -0.019940397, -0.021474054, -0.02300766, 
-0.02454121, -0.026074704, -0.027608138, -0.029141504, -0.030674802, -0.03220803, -0.03374118, -0.035274252, -0.03680724, -0.03834014, -0.03987295, -0.04140567, -0.042938054, -0.04447057, -0.046002988, -0.047535293, 
-0.049067486, -0.050599568, -0.052131526, -0.053663366, -0.055195075, -0.056726657, -0.058258105, -0.059789415, -0.061320584, -0.06285161, -0.064382486, -0.065913215, -0.06744379, -0.0689742, -0.07050445, -0.07203453, 
-0.07356445, -0.075094186, -0.07662375, -0.07815314, -0.079682335, -0.08121135, -0.08274017, -0.0842688, -0.08579723, -0.08732546, -0.08885348, -0.090381294, -0.091908894, -0.09343628, -0.09496344, -0.09649038, 
-0.0980171, -0.09954358, -0.10106982, -0.102595836, -0.1041216, -0.10564713, -0.10717241, -0.10869743, -0.1102222, -0.111746706, -0.113270946, -0.114794925, -0.116318636, -0.11784207, -0.11936523, -0.12088811, 
-0.1224107, -0.123933, -0.125455, -0.12697673, -0.12849815, -0.13001902, -0.13153984, -0.13306034, -0.13458052, -0.1361004, -0.13761996, -0.13913918, -0.14065808, -0.14217664, -0.14369488, -0.14521277, 
-0.14673033, -0.14824754, -0.1497644, -0.15128091, -0.15279706, -0.15431285, -0.15582828, -0.15734334, -0.15885803, -0.16037235, -0.16188629, -0.16339985, -0.16491303, -0.16642581, -0.16793822, -0.16945021, 
-0.17096181, -0.17247301, -0.17398381, -0.1754942, -0.17700416, -0.17851372, -0.18002285, -0.18153156, -0.18303984, -0.1845477, -0.18605512, -0.1875621, -0.18906865, -0.19057474, -0.19208038, -0.19358557, 
-0.19509031, -0.1965946, -0.1980984, -0.19960177, -0.20110464, -0.20260705, -0.20410898, -0.20561044, -0.2071114, -0.20861165, -0.21011163, -0.21161114, -0.21311013, -0.21460862, -0.21610662, -0.2176041, 
-0.21910107, -0.22059752, -0.22209346, -0.22358887, -0.22508375, -0.22657812, -0.22807194, -0.22956522, -0.23105797, -0.23255017, -0.23404182, -0.23553294, -0.23702349, -0.23851348, -0.24000292, -0.24149178, 
-0.24298008, -0.24446781, -0.24595496, -0.24744153, -0.24892752, -0.2504129, -0.25189775, -0.25338197, -0.2548656, -0.2563486, -0.25783104, -0.25931287, -0.26079407, -0.26227465, -0.26375464, -0.265234, 
-0.26671273, -0.26819083, -0.2696683, -0.27114514, -0.27262133, -0.2740969, -0.27557182, -0.27704608, -0.2785197, -0.27999264, -0.28146493, -0.28293657, -0.28440756, -0.28587785, -0.2873475, -0.28881642, 
-0.29028472, -0.2917523, -0.2932192, -0.29468542, -0.29615092, -0.29761577, -0.29907966, -0.30054307, -0.3020058, -0.30346778, -0.30492908, -0.30638966, -0.3078495, -0.30930862, -0.31076702, -0.3122247, 
-0.3136816, -0.3151378, -0.31659326, -0.31804797, -0.3195019, -0.32095513, -0.32240757, -0.32385927, -0.3253102, -0.32676035, -0.32820976, -0.3296584, -0.33110622, -0.3325533, -0.33399957, -0.33544508, 
-0.3368898, -0.3383337, -0.33977684, -0.34121916, -0.34266067, -0.3441014, -0.3455413, -0.34698036, -0.34841865, -0.3498561, -0.35129273, -0.35272855, -0.35416353, -0.35559765, -0.35703096, -0.3584634, 
-0.35989505, -0.3613258, -0.36275575, -0.3641848, -0.365613, -0.36704037, -0.36846665, -0.36989227, -0.371317, -0.3727409, -0.3741639, -0.375586, -0.37700725, -0.3784276, -0.37984705, -0.3812656, 
-0.38268328, -0.38410005, -0.3855159, -0.38693085, -0.3883449, -0.38975805, -0.39117026, -0.39258155, -0.39399192, -0.39540136, -0.39680988, -0.39821744, -0.3996241, -0.4010298, -0.40243456, -0.40383837, 
-0.40524122, -0.40664312, -0.40804407, -0.40944406, -0.4108431, -0.41224116, -0.41363823, -0.41503435, -0.4164295, -0.41782367, -0.41921684, -0.42060903, -0.42200023, -0.42339045, -0.42477965, -0.42616785, 
-0.42755505, -0.42894128, -0.43032646, -0.43171063, -0.43309382, -0.43447596, -0.4358571, -0.43723717, -0.43861625, -0.43999428, -0.4413713, -0.44274724, -0.44412217, -0.44549605, -0.44686887, -0.44824064, 
-0.44961137, -0.45098102, -0.45234963, -0.45371717, -0.45508343, -0.45644882, -0.45781314, -0.4591764, -0.46053857, -0.46189964, -0.46325964, -0.46461856, -0.46597636, -0.46733308, -0.4686887, -0.4700432, 
-0.47139663, -0.47274894, -0.4741001, -0.4754502, -0.47679913, -0.47814697, -0.47949368, -0.48083925, -0.4821837, -0.483527, -0.48486918, -0.4862102, -0.48755008, -0.48888883, -0.49022642, -0.49156287, 
-0.49289814, -0.49423227, -0.4955652, -0.496897, -0.49822763, -0.49955708, -0.50088537, -0.50221246, -0.50353837, -0.5048631, -0.5061866, -0.507509, -0.50883013, -0.5101501, -0.5114688, -0.5127864, 
-0.51410276, -0.5154177, -0.5167316, -0.5180443, -0.51935583, -0.52066606, -0.5219751, -0.52328295, -0.52458954, -0.5258949, -0.527199, -0.52850187, -0.52980345, -0.53110385, -0.532403, -0.5337009, 
-0.53499746, -0.53629285, -0.5375869, -0.5388798, -0.5401713, -0.54146165, -0.54275066, -0.5440384, -0.54532486, -0.54661006, -0.54789394, -0.5491766, -0.5504579, -0.5517379, -0.5530166, -0.55429405, 
-0.5555702, -0.55684495, -0.55811846, -0.55939066, -0.5606615, -0.5619311, -0.5631993, -0.5644662, -0.56573176, -0.56699604, -0.56825894, -0.5695205, -0.5707807, -0.5720396, -0.57329714, -0.5745533, 
-0.57580817, -0.57706165, -0.57831377, -0.5795646, -0.58081394, -0.582062, -0.58330864, -0.58455396, -0.58579785, -0.5870404, -0.5882816, -0.58952135, -0.59075975, -0.5919967, -0.59323233, -0.59446657, 
-0.59569937, -0.59693074, -0.59816074, -0.5993894, -0.6006165, -0.6018423, -0.6030667, -0.6042894, -0.60551095, -0.606731, -0.6079497, -0.6091669, -0.6103827, -0.61159706, -0.61280996, -0.6140215, 
-0.6152315, -0.6164401, -0.61764723, -0.6188529, -0.6200571, -0.6212599, -0.6224612, -0.62366104, -0.62485945, -0.6260563, -0.62725174, -0.62844574, -0.6296382, -0.63082916, -0.6320187, -0.6332067, 
-0.6343933, -0.6355783, -0.63676184, -0.63794386, -0.63912445, -0.6403035, -0.641481, -0.64265704, -0.64383155, -0.6450045, -0.64617604, -0.64734596, -0.6485144, -0.6496813, -0.6508467, -0.65201056, 
-0.6531727, -0.6543335, -0.6554927, -0.6566504, -0.6578066, -0.6589612, -0.6601142, -0.66126573, -0.6624156, -0.663564, -0.6647109, -0.6658561, -0.6669998, -0.6681419, -0.6692825, -0.6704215, 
-0.67155886, -0.6726947, -0.6738289, -0.67496157, -0.6760926, -0.6772221, -0.67835, -0.67947626, -0.68060094, -0.681724, -0.6828455, -0.6839653, -0.6850836, -0.68620026, -0.6873153, -0.6884287, 
-0.6895405, -0.69065064, -0.6917592, -0.69286615, -0.6939714, -0.6950751, -0.6961771, -0.6972775, -0.69837624, -0.6994733, -0.7005688, -0.7016626, -0.70275474, -0.7038452, -0.70493406, -0.70602125, 
-0.70710677, -0.7081906, -0.7092728, -0.7103534, -0.7114322, -0.7125094, -0.7135849, -0.7146587, -0.71573085, -0.7168013, -0.71787006, -0.71893716, -0.72000253, -0.72106624, -0.7221282, -0.7231885, 
-0.7242471, -0.725304, -0.7263592, -0.7274127, -0.7284644, -0.72951436, -0.7305627, -0.7316093, -0.73265415, -0.73369735, -0.73473877, -0.7357785, -0.73681647, -0.73785275, -0.73888725, -0.73992, 
-0.74095106, -0.7419804, -0.7430079, -0.7440337, -0.7450577, -0.74608004, -0.74710053, -0.74811935, -0.7491363, -0.7501516, -0.7511651, -0.7521768, -0.75318676, -0.7541949, -0.75520134, -0.756206, 
-0.7572088, -0.7582099, -0.75920916, -0.76020664, -0.7612024, -0.7621963, -0.7631884, -0.76417875, -0.76516724, -0.766154, -0.7671389, -0.768122, -0.76910335, -0.77008283, -0.7710605, -0.77203625, 
-0.7730103, -0.7739826, -0.774953, -0.7759216, -0.7768884, -0.7778533, -0.7788164, -0.7797777, -0.7807371, -0.7816947, -0.7826505, -0.78360444, -0.7845565, -0.7855067, -0.78645515, -0.7874017, 
-0.78834635, -0.7892892, -0.79023015, -0.7911692, -0.7921065, -0.7930419, -0.7939754, -0.79490703, -0.79583687, -0.79676473, -0.7976908, -0.7986149, -0.79953724, -0.8004576, -0.8013761, -0.80229276, 
-0.8032075, -0.80412036, -0.8050313, -0.80594033, -0.8068475, -0.8077528, -0.80865616, -0.8095576, -0.81045717, -0.8113548, -0.81225055, -0.8131444, -0.8140363, -0.8149263, -0.81581444, -0.8167006, 
-0.8175848, -0.81846714, -0.8193475, -0.820226, -0.8211025, -0.82197714, -0.8228498, -0.8237205, -0.8245893, -0.8254562, -0.82632107, -0.8271841, -0.82804507, -0.82890415, -0.82976127, -0.8306164, 
-0.83146966, -0.8323209, -0.83317024, -0.8340176, -0.83486277, -0.83570623, -0.8365477, -0.83738714, -0.83822465, -0.8390602, -0.83989376, -0.8407253, -0.84155494, -0.84238255, -0.8432082, -0.8440319, 
-0.8448535, -0.8456732, -0.8464909, -0.8473066, -0.84812033, -0.848932, -0.84974176, -0.85054946, -0.85135514, -0.85215884, -0.8529606, -0.8537603, -0.854558, -0.85535365, -0.8561473, -0.85693896, 
-0.8577286, -0.8585162, -0.8593018, -0.86008537, -0.86086696, -0.8616465, -0.86242396, -0.8631993, -0.8639727, -0.8647441, -0.8655135, -0.86628085, -0.8670461, -0.8678094, -0.8685706, -0.86932975, 
-0.8700869, -0.870842, -0.871595, -0.872346, -0.8730949, -0.87384176, -0.8745866, -0.8753293, -0.87607, -0.87680864, -0.87754524, -0.87827975, -0.87901217, -0.8797425, -0.8804708, -0.88119704, 
-0.88192123, -0.8826433, -0.8833633, -0.8840812, -0.88479704, -0.8855108, -0.8862225, -0.8869321, -0.8876396, -0.888345, -0.88904834, -0.8897495, -0.8904487, -0.8911457, -0.8918407, -0.89253354, 
-0.8932243, -0.8939129, -0.89459944, -0.8952839, -0.89596623, -0.89664644, -0.89732456, -0.8980006, -0.8986744, -0.89934623, -0.9000159, -0.9006834, -0.9013488, -0.90201217, -0.9026733, -0.90333235, 
-0.9039893, -0.9046441, -0.90529674, -0.9059473, -0.9065957, -0.907242, -0.90788615, -0.90852815, -0.909168, -0.90980566, -0.9104413, -0.9110747, -0.91170603, -0.91233516, -0.9129622, -0.91358703, 
-0.9142097, -0.9148303, -0.9154487, -0.916065, -0.916679, -0.917291, -0.9179008, -0.9185084, -0.9191139, -0.91971713, -0.92031825, -0.9209172, -0.921514, -0.92210865, -0.9227011, -0.9232914, 
-0.9238795, -0.9244654, -0.9250492, -0.9256308, -0.9262102, -0.92678744, -0.9273625, -0.92793536, -0.9285061, -0.9290746, -0.9296409, -0.930205, -0.93076694, -0.9313267, -0.9318842, -0.9324396, 
-0.9329928, -0.93354374, -0.9340925, -0.93463916, -0.9351835, -0.9357256, -0.93626565, -0.9368034, -0.93733895, -0.93787235, -0.9384035, -0.9389325, -0.9394592, -0.9399837, -0.94050604, -0.94102615, 
-0.94154406, -0.9420597, -0.9425732, -0.9430844, -0.94359344, -0.94410026, -0.9446048, -0.94510716, -0.9456073, -0.94610524, -0.9466009, -0.9470944, -0.9475856, -0.9480746, -0.9485614, -0.9490459, 
-0.94952816, -0.9500082, -0.95048606, -0.95096165, -0.95143497, -0.9519061, -0.952375, -0.95284164, -0.953306, -0.9537682, -0.9542281, -0.95468575, -0.9551411, -0.9555943, -0.9560452, -0.9564939, 
-0.9569403, -0.95738447, -0.9578264, -0.9582661, -0.95870346, -0.95913863, -0.9595715, -0.9600021, -0.9604305, -0.9608566, -0.96128047, -0.96170205, -0.9621214, -0.9625384, -0.9629532, -0.9633658, 
-0.96377605, -0.96418405, -0.9645898, -0.96499324, -0.96539444, -0.9657933, -0.96619, -0.9665844, -0.96697646, -0.9673663, -0.9677538, -0.9681391, -0.9685221, -0.96890277, -0.96928126, -0.96965736, 
-0.97003126, -0.97040284, -0.97077215, -0.97113913, -0.9715039, -0.9718663, -0.9722265, -0.97258437, -0.9729399, -0.97329324, -0.97364426, -0.97399294, -0.97433937, -0.97468346, -0.97502536, -0.97536486, 
-0.9757021, -0.9760371, -0.97636974, -0.97670007, -0.97702813, -0.9773539, -0.97767735, -0.9779985, -0.9783174, -0.97863394, -0.9789482, -0.97926015, -0.97956973, -0.9798771, -0.9801821, -0.98048484, 
-0.98078525, -0.9810834, -0.9813792, -0.9816727, -0.9819639, -0.9822527, -0.9825393, -0.98282355, -0.9831055, -0.9833851, -0.9836624, -0.9839374, -0.9842101, -0.98448044, -0.9847485, -0.9850142, 
-0.98527765, -0.9855387, -0.9857975, -0.98605394, -0.9863081, -0.9865599, -0.9868094, -0.98705655, -0.9873014, -0.98754394, -0.98778415, -0.988022, -0.9882576, -0.9884908, -0.98872167, -0.98895025, 
-0.9891765, -0.9894004, -0.989622, -0.9898413, -0.9900582, -0.9902728, -0.9904851, -0.990695, -0.9909026, -0.9911079, -0.99131083, -0.99151146, -0.99170977, -0.9919057, -0.9920993, -0.9922906, 
-0.9924795, -0.9926661, -0.9928504, -0.99303234, -0.9932119, -0.9933892, -0.9935641, -0.99373674, -0.993907, -0.9940749, -0.99424046, -0.99440366, -0.99456453, -0.9947231, -0.9948793, -0.9950332, 
-0.9951847, -0.9953339, -0.9954808, -0.99562526, -0.9957674, -0.99590725, -0.9960447, -0.9961798, -0.9963126, -0.99644303, -0.9965711, -0.9966969, -0.9968203, -0.9969413, -0.99706006, -0.9971764, 
-0.99729043, -0.99740213, -0.99751145, -0.99761844, -0.99772304, -0.9978253, -0.9979253, -0.99802285, -0.9981181, -0.998211, -0.99830157, -0.9983897, -0.99847555, -0.99855906, -0.99864024, -0.99871904, 
-0.99879545, -0.99886954, -0.9989413, -0.9990107, -0.99907774, -0.9991424, -0.99920475, -0.9992647, -0.99932235, -0.99937767, -0.9994306, -0.9994812, -0.9995294, -0.9995753, -0.9996188, -0.99966, 
-0.9996988, -0.9997353, -0.9997694, -0.99980116, -0.9998306, -0.99985766, -0.99988234, -0.9999047, -0.9999247, -0.99994236, -0.9999576, -0.9999706, -0.99998116, -0.9999894, -0.9999953, -0.9999988, 
-1, -0.9999988, -0.9999953, -0.9999894, -0.99998116, -0.9999706, -0.9999576, -0.99994236, -0.9999247, -0.9999047, -0.99988234, -0.99985766, -0.9998306, -0.99980116, -0.9997694, -0.9997353, 
-0.9996988, -0.99966, -0.9996188, -0.9995753, -0.9995294, -0.9994812, -0.9994306, -0.99937767, -0.9993224, -0.9992648, -0.99920475, -0.9991424, -0.99907774, -0.9990107, -0.9989413, -0.99886954, 
-0.99879545, -0.99871904, -0.99864024, -0.99855906, -0.99847555, -0.9983897, -0.99830157, -0.998211, -0.9981181, -0.99802285, -0.9979253, -0.9978254, -0.9977231, -0.99761844, -0.99751145, -0.99740213, 
-0.99729043, -0.99717647, -0.99706006, -0.9969414, -0.99682033, -0.9966969, -0.9965711, -0.99644303, -0.9963126, -0.9961798, -0.9960447, -0.99590725, -0.9957674, -0.99562526, -0.9954808, -0.9953339, 
-0.9951847, -0.9950332, -0.9948793, -0.99472314, -0.9945646, -0.99440366, -0.99424046, -0.9940749, -0.993907, -0.99373674, -0.9935641, -0.99338925, -0.993212, -0.99303234, -0.9928504, -0.9926661, 
-0.99247956, -0.9922906, -0.99209934, -0.9919057, -0.99170977, -0.99151146, -0.99131083, -0.99110794, -0.99090266, -0.990695, -0.9904851, -0.9902728, -0.9900582, -0.9898413, -0.989622, -0.98940045, 
-0.9891765, -0.98895025, -0.9887217, -0.9884908, -0.9882576, -0.988022, -0.98778415, -0.98754394, -0.9873014, -0.98705655, -0.98680943, -0.9865599, -0.9863081, -0.98605394, -0.9857975, -0.9855387, 
-0.98527765, -0.98501426, -0.9847485, -0.98448044, -0.9842101, -0.98393744, -0.9836624, -0.9833851, -0.9831055, -0.98282355, -0.9825393, -0.9822527, -0.9819639, -0.9816727, -0.9813792, -0.9810834, 
-0.9807853, -0.9804849, -0.9801822, -0.9798771, -0.9795698, -0.97926015, -0.9789482, -0.97863394, -0.9783174, -0.9779985, -0.97767735, -0.97735393, -0.97702813, -0.97670007, -0.97636974, -0.9760371, 
-0.9757021, -0.97536486, -0.97502536, -0.9746835, -0.97433937, -0.97399294, -0.97364426, -0.97329324, -0.97293997, -0.97258437, -0.9722265, -0.97186637, -0.9715039, -0.9711392, -0.97077215, -0.97040284, 
-0.97003126, -0.9696574, -0.96928126, -0.9689028, -0.96852213, -0.9681391, -0.9677538, -0.9673663, -0.96697646, -0.9665844, -0.96619, -0.9657934, -0.96539444, -0.96499324, -0.9645898, -0.96418405, 
-0.96377605, -0.9633658, -0.96295327, -0.9625385, -0.9621214, -0.9617021, -0.9612805, -0.9608567, -0.96043056, -0.9600022, -0.95957154, -0.95913863, -0.9587035, -0.9582661, -0.95782644, -0.9573845, 
-0.95694035, -0.9564939, -0.95604527, -0.95559436, -0.9551412, -0.95468575, -0.9542281, -0.9537682, -0.953306, -0.95284164, -0.952375, -0.95190614, -0.951435, -0.95096165, -0.95048606, -0.9500082, 
-0.9495282, -0.9490459, -0.9485614, -0.94807464, -0.94758564, -0.9470944, -0.9466009, -0.94610524, -0.94560736, -0.9451072, -0.9446049, -0.94410026, -0.94359344, -0.9430845, -0.9425732, -0.94205976, 
-0.94154406, -0.9410262, -0.9405061, -0.9399838, -0.9394592, -0.9389325, -0.93840355, -0.93787235, -0.937339, -0.93680346, -0.93626565, -0.9357257, -0.9351835, -0.93463916, -0.9340926, -0.9335438, 
-0.9329928, -0.9324396, -0.9318843, -0.93132675, -0.930767, -0.93020505, -0.9296409, -0.9290746, -0.9285061, -0.9279354, -0.92736256, -0.9267875, -0.9262102, -0.9256308, -0.92504925, -0.9244655, 
-0.9238795, -0.92329144, -0.9227011, -0.92210865, -0.92151403, -0.9209172, -0.92031825, -0.9197172, -0.9191139, -0.9185084, -0.9179008, -0.91729105, -0.9166791, -0.916065, -0.9154487, -0.9148303, 
-0.9142098, -0.9135871, -0.9129622, -0.9123352, -0.91170603, -0.91107476, -0.9104413, -0.9098057, -0.90916806, -0.90852815, -0.90788615, -0.90724206, -0.90659577, -0.9059473, -0.9052968, -0.90464413, 
-0.9039893, -0.9033324, -0.90267336, -0.90201217, -0.9013489, -0.90068346, -0.90001595, -0.8993463, -0.8986745, -0.8980006, -0.8973246, -0.8966465, -0.8959663, -0.89528394, -0.8945995, -0.893913, 
-0.8932243, -0.89253354, -0.8918407, -0.89114577, -0.89044875, -0.8897496, -0.88904834, -0.88834506, -0.88763964, -0.88693213, -0.88622254, -0.88551086, -0.8847971, -0.88408124, -0.8833633, -0.88264334, 
-0.88192123, -0.8811971, -0.8804709, -0.87974256, -0.8790122, -0.87827975, -0.87754524, -0.8768087, -0.8760701, -0.8753294, -0.87458664, -0.8738418, -0.8730949, -0.8723461, -0.87159514, -0.87084216, 
-0.870087, -0.8693299, -0.86857074, -0.86780953, -0.8670463, -0.86628103, -0.8655137, -0.8647443, -0.8639729, -0.8631995, -0.862424, -0.86164653, -0.86086696, -0.8600854, -0.85930187, -0.8585163, 
-0.85772866, -0.856939, -0.85614735, -0.8553537, -0.854558, -0.8537603, -0.85296065, -0.8521589, -0.8513552, -0.8505495, -0.84974176, -0.8489321, -0.84812033, -0.84730667, -0.8464909, -0.84567326, 
-0.8448536, -0.8440319, -0.84320825, -0.8423826, -0.84155494, -0.84072536, -0.83989376, -0.8390602, -0.8382247, -0.8373872, -0.8365477, -0.83570623, -0.8348628, -0.83401746, -0.8331701, -0.8323208, 
-0.8314696, -0.83061635, -0.8297612, -0.8289041, -0.8280451, -0.8271841, -0.8263211, -0.8254562, -0.8245894, -0.8237206, -0.82284987, -0.8219772, -0.82110256, -0.820226, -0.81934756, -0.8184672, 
-0.8175849, -0.81670064, -0.81581444, -0.8149264, -0.81403637, -0.81314445, -0.8122506, -0.8113549, -0.8104572, -0.8095577, -0.8086562, -0.80775285, -0.8068476, -0.8059404, -0.80503136, -0.8041204, 
-0.8032075, -0.8022928, -0.80137616, -0.80045766, -0.7995373, -0.798615, -0.79769087, -0.7967648, -0.7958369, -0.7949071, -0.7939755, -0.79304194, -0.79210657, -0.7911693, -0.7902302, -0.78928924, 
-0.7883464, -0.78740174, -0.78645515, -0.7855068, -0.78455657, -0.7836045, -0.78265053, -0.78169477, -0.78073716, -0.7797777, -0.77881646, -0.7778535, -0.77688855, -0.77592176, -0.7749532, -0.77398276, 
-0.77301055, -0.7720365, -0.7710606, -0.7700829, -0.7691034, -0.7681221, -0.76713896, -0.76615405, -0.7651673, -0.7641788, -0.7631885, -0.76219636, -0.76120245, -0.7602067, -0.7592092, -0.75820994, 
-0.7572089, -0.75620604, -0.7552014, -0.754195, -0.7531868, -0.7521769, -0.75116515, -0.75015163, -0.7491364, -0.7481194, -0.7471006, -0.7460801, -0.74505776, -0.74403375, -0.74300796, -0.7419804, 
-0.7409511, -0.7399201, -0.7388873, -0.7378528, -0.7368165, -0.73577857, -0.7347388, -0.7336974, -0.7326542, -0.73160934, -0.73056275, -0.7295144, -0.72846437, -0.7274126, -0.7263591, -0.7253039, 
-0.72424704, -0.7231884, -0.72212815, -0.7210663, -0.7200026, -0.7189372, -0.7178701, -0.71680135, -0.7157309, -0.71465874, -0.71358496, -0.71250945, -0.7114323, -0.71035343, -0.70927286, -0.7081907, 
-0.7071068, -0.7060213, -0.7049341, -0.70384526, -0.7027548, -0.70166266, -0.70056885, -0.6994734, -0.6983763, -0.69727755, -0.6961772, -0.69507515, -0.69397146, -0.6928662, -0.6917593, -0.6906507, 
-0.68954057, -0.68842876, -0.68731534, -0.6862003, -0.6850837, -0.6839654, -0.68284553, -0.6817241, -0.680601, -0.6794763, -0.67835003, -0.67722213, -0.6760927, -0.6749616, -0.67382896, -0.67269474, 
-0.6715589, -0.67042154, -0.66928256, -0.668142, -0.6669999, -0.6658562, -0.66471094, -0.6635641, -0.6624157, -0.6612658, -0.66011447, -0.6589614, -0.6578068, -0.65665066, -0.65549296, -0.6543337, 
-0.6531729, -0.6520106, -0.6508468, -0.6496814, -0.64851445, -0.647346, -0.6461761, -0.64500463, -0.6438316, -0.6426571, -0.64148104, -0.64030355, -0.6391245, -0.6379439, -0.6367619, -0.63557833, 
-0.63439333, -0.6332068, -0.63201874, -0.6308293, -0.62963825, -0.6284458, -0.6272518, -0.6260564, -0.6248595, -0.6236611, -0.62246126, -0.62126, -0.6200572, -0.618853, -0.6176473, -0.6164402, 
-0.6152316, -0.61402154, -0.6128101, -0.6115971, -0.6103828, -0.609167, -0.60794973, -0.60673106, -0.605511, -0.6042895, -0.60306656, -0.60184216, -0.6006164, -0.59938926, -0.5981606, -0.5969306, 
-0.59569925, -0.5944666, -0.5932324, -0.5919968, -0.5907598, -0.5895214, -0.58828163, -0.5870405, -0.58579797, -0.584554, -0.58330876, -0.58206207, -0.580814, -0.57956463, -0.5783139, -0.5770617, 
-0.5758082, -0.57455343, -0.5732972, -0.57203966, -0.5707808, -0.56952053, -0.568259, -0.5669961, -0.5657318, -0.56446624, -0.56319934, -0.56193113, -0.5606616, -0.5593907, -0.5581185, -0.55684507, 
-0.55557024, -0.5542941, -0.5530167, -0.55173796, -0.55045795, -0.54917663, -0.54789406, -0.5466101, -0.545325, -0.5440385, -0.5427508, -0.5414617, -0.54017144, -0.5388799, -0.53758705, -0.5362929, 
-0.5349976, -0.53370094, -0.53240305, -0.5311039, -0.5298036, -0.5285019, -0.52719903, -0.52589494, -0.5245896, -0.5232832, -0.5219754, -0.52066636, -0.5193561, -0.5180446, -0.5167319, -0.515418, 
-0.5141028, -0.5127865, -0.51146895, -0.5101502, -0.5088302, -0.50750905, -0.5061867, -0.50486314, -0.5035384, -0.5022125, -0.5008854, -0.49955717, -0.49822772, -0.49689707, -0.4955653, -0.49423233, 
-0.49289823, -0.49156293, -0.4902265, -0.48888892, -0.48755017, -0.4862103, -0.48486924, -0.48352706, -0.48218375, -0.4808393, -0.47949374, -0.47814703, -0.47679922, -0.47545025, -0.47410017, -0.472749, 
-0.4713967, -0.4700433, -0.4686888, -0.46733317, -0.46597645, -0.46461862, -0.46325973, -0.46189973, -0.46053866, -0.45917648, -0.45781323, -0.4564489, -0.45508352, -0.45371702, -0.45234948, -0.4509809, 
-0.44961146, -0.44824073, -0.44686896, -0.4454961, -0.44412225, -0.44274732, -0.44137135, -0.43999436, -0.43861634, -0.43723726, -0.43585715, -0.43447605, -0.43309388, -0.43171072, -0.43032655, -0.42894134, 
-0.42755514, -0.42616794, -0.4247797, -0.4233905, -0.42200032, -0.42060912, -0.41921693, -0.41782373, -0.41642958, -0.41503444, -0.41363832, -0.41224125, -0.4108432, -0.40944415, -0.40804416, -0.4066432, 
-0.4052413, -0.40383846, -0.40243465, -0.40102988, -0.39962417, -0.39821753, -0.39680997, -0.39540145, -0.393992, -0.39258164, -0.39117032, -0.3897581, -0.388345, -0.38693094, -0.385516, -0.38410014, 
-0.38268337, -0.3812657, -0.37984714, -0.37842768, -0.37700734, -0.3755861, -0.37416396, -0.3727412, -0.3713173, -0.36989257, -0.36846694, -0.36704046, -0.3656131, -0.3641849, -0.3627558, -0.3613259, 
-0.3598951, -0.3584635, -0.35703105, -0.35559773, -0.3541636, -0.35272864, -0.35129282, -0.3498562, -0.34841874, -0.34698045, -0.34554136, -0.34410146, -0.34266075, -0.34121925, -0.3397769, -0.3383338, 
-0.33688986, -0.33544517, -0.33399966, -0.3325534, -0.3311063, -0.32965845, -0.32820985, -0.32676044, -0.3253103, -0.32385936, -0.32240766, -0.32095522, -0.319502, -0.31804803, -0.31659335, -0.3151379, 
-0.3136817, -0.31222478, -0.31076708, -0.3093087, -0.3078496, -0.30638972, -0.30492917, -0.30346787, -0.30200586, -0.30054316, -0.29907975, -0.29761562, -0.2961508, -0.29468527, -0.29321906, -0.2917524, 
-0.29028478, -0.2888165, -0.28734756, -0.28587794, -0.28440765, -0.28293666, -0.28146502, -0.27999273, -0.27851978, -0.27704617, -0.27557188, -0.27409697, -0.27262142, -0.27114522, -0.26966837, -0.26819092, 
-0.2667128, -0.26523408, -0.26375473, -0.26227474, -0.26079416, -0.25931296, -0.25783113, -0.2563487, -0.25486568, -0.25338206, -0.2518978, -0.250413, -0.24892761, -0.24744162, -0.24595504, -0.24446788, 
-0.24298017, -0.24149187, -0.24000299, -0.23851356, -0.23702358, -0.23553301, -0.23404191, -0.23255026, -0.23105806, -0.22956531, -0.22807202, -0.2265782, -0.22508384, -0.22358896, -0.22209354, -0.22059761, 
-0.21910116, -0.21760419, -0.2161067, -0.21460871, -0.21311022, -0.21161123, -0.21011196, -0.20861197, -0.2071115, -0.20561053, -0.20410907, -0.20260714, -0.20110473, -0.19960184, -0.1980985, -0.19659469, 
-0.1950904, -0.19358566, -0.19208047, -0.19057482, -0.18906872, -0.18756218, -0.1860552, -0.18454778, -0.18303993, -0.18153165, -0.18002294, -0.17851381, -0.17700425, -0.17549428, -0.17398389, -0.1724731, 
-0.1709619, -0.1694503, -0.16793829, -0.1664259, -0.16491312, -0.16339993, -0.16188638, -0.16037244, -0.15885812, -0.15734343, -0.15582837, -0.15431294, -0.15279715, -0.151281, -0.14976448, -0.14824763, 
-0.14673042, -0.14521286, -0.14369497, -0.14217673, -0.14065817, -0.13913926, -0.13762003, -0.13610049, -0.13458061, -0.13306043, -0.13153993, -0.13001911, -0.128498, -0.12697682, -0.1254551, -0.12393309, 
-0.12241078, -0.12088819, -0.11936531, -0.11784216, -0.116318725, -0.114795014, -0.113271035, -0.11174679, -0.11022228, -0.10869751, -0.10717249, -0.105647214, -0.10412169, -0.102595925, -0.10106991, -0.09954366, 
-0.09801718, -0.096490465, -0.09496353, -0.09343636, -0.09190898, -0.09038138, -0.08885357, -0.08732554, -0.08579732, -0.08426889, -0.08274026, -0.08121144, -0.079682425, -0.07815322, -0.07662384, -0.075094275, 
-0.07356454, -0.07203462, -0.07050454, -0.06897429, -0.06744387, -0.065913305, -0.064382575, -0.0628517, -0.061320674, -0.0597895, -0.05825819, -0.056726743, -0.055195164, -0.05366345, -0.052131616, -0.050599653, 
-0.049067575, -0.047535382, -0.046003073, -0.04447066, -0.04293814, -0.04140576, -0.03987304, -0.03834023, -0.03680733, -0.035274338, -0.03374127, -0.032208115, -0.03067489, -0.029141592, -0.027608223, -0.026074791, 
-0.024541298, -0.023007747, -0.021474142, -0.019940484, -0.018406782, -0.016873036, -0.01533925, -0.013805428, -0.012271573, -0.010737689, -0.00920378, -0.0076698507, -0.006135902, -0.004601939, -0.0030679654, -0.0015339846, 
0, 0.0015339846, 0.0030679654, 0.004601939, 0.006135902, 0.0076698507, 0.00920378, 0.010737689, 0.012271573, 0.013805428, 0.01533925, 0.016873036, 0.018406782, 0.019940484, 0.021474142, 0.023007747, 
0.024541298, 0.026074791, 0.027608223, 0.029141592, 0.03067489, 0.032208115, 0.03374127, 0.035274338, 0.03680733, 0.03834023, 0.03987304, 0.04140576, 0.04293814, 0.04447066, 0.046003073, 0.047535382, 
0.049067575, 0.050599653, 0.052131616, 0.05366345, 0.055195164, 0.056726743, 0.05825819, 0.0597895, 0.061320674, 0.0628517, 0.064382575, 0.065913305, 0.06744387, 0.06897429, 0.07050454, 0.07203462, 
0.07356454, 0.075094275, 0.07662384, 0.07815322, 0.079682425, 0.08121144, 0.08274026, 0.08426889, 0.08579732, 0.08732554, 0.08885357, 0.09038138, 0.09190898, 0.09343636, 0.09496353, 0.096490465, 
0.09801718, 0.09954366, 0.10106991, 0.102595925, 0.10412169, 0.105647214, 0.10717249, 0.10869751, 0.11022228, 0.11174679, 0.113271035, 0.114795014, 0.116318725, 0.11784216, 0.11936531, 0.12088819, 
0.12241078, 0.12393309, 0.1254551, 0.12697682, 0.128498, 0.13001911, 0.13153993, 0.13306043, 0.13458061, 0.13610049, 0.13762003, 0.13913926, 0.14065817, 0.14217673, 0.14369497, 0.14521286, 
0.14673042, 0.14824763, 0.14976448, 0.151281, 0.15279715, 0.15431294, 0.15582837, 0.15734343, 0.15885812, 0.16037244, 0.16188638, 0.16339993, 0.16491312, 0.1664259, 0.16793829, 0.1694503, 
0.1709619, 0.1724731, 0.17398389, 0.17549428, 0.17700425, 0.17851381, 0.18002294, 0.18153165, 0.18303993, 0.18454778, 0.1860552, 0.18756218, 0.18906872, 0.19057482, 0.19208047, 0.19358566, 
0.1950904, 0.19659469, 0.1980985, 0.19960184, 0.20110473, 0.20260714, 0.20410907, 0.20561053, 0.2071115, 0.20861197, 0.21011196, 0.21161123, 0.21311022, 0.21460871, 0.2161067, 0.21760419, 
0.21910116, 0.22059761, 0.22209354, 0.22358896, 0.22508384, 0.2265782, 0.22807202, 0.22956531, 0.23105806, 0.23255026, 0.23404191, 0.23553301, 0.23702358, 0.23851356, 0.24000299, 0.24149187, 
0.24298017, 0.24446788, 0.24595504, 0.24744162, 0.24892761, 0.250413, 0.2518978, 0.25338206, 0.25486568, 0.2563487, 0.25783113, 0.25931296, 0.26079416, 0.26227474, 0.26375473, 0.26523408, 
0.2667128, 0.26819092, 0.26966837, 0.27114522, 0.27262142, 0.27409697, 0.27557188, 0.27704617, 0.27851978, 0.27999273, 0.28146502, 0.28293666, 0.28440765, 0.28587794, 0.28734756, 0.2888165, 
0.29028478, 0.2917524, 0.29321906, 0.29468527, 0.2961508, 0.29761562, 0.29907975, 0.30054316, 0.30200586, 0.30346787, 0.30492917, 0.30638972, 0.3078496, 0.3093087, 0.31076708, 0.31222478, 
0.3136817, 0.3151379, 0.31659335, 0.31804803, 0.319502, 0.32095522, 0.32240766, 0.32385936, 0.3253103, 0.32676044, 0.32820985, 0.32965845, 0.3311063, 0.3325534, 0.33399966, 0.33544517, 
0.33688986, 0.3383338, 0.3397769, 0.34121925, 0.34266075, 0.34410146, 0.34554136, 0.34698045, 0.34841874, 0.3498562, 0.35129282, 0.35272864, 0.3541636, 0.35559773, 0.35703105, 0.3584635, 
0.3598951, 0.3613259, 0.3627558, 0.3641849, 0.3656131, 0.36704046, 0.36846694, 0.36989257, 0.3713173, 0.3727412, 0.37416396, 0.3755861, 0.37700734, 0.37842768, 0.37984714, 0.3812657, 
0.38268337, 0.38410014, 0.385516, 0.38693094, 0.388345, 0.3897581, 0.39117032, 0.39258164, 0.393992, 0.39540145, 0.39680997, 0.39821753, 0.39962417, 0.40102988, 0.40243465, 0.40383846, 
0.4052413, 0.4066432, 0.40804416, 0.40944415, 0.4108432, 0.41224125, 0.41363832, 0.41503444, 0.41642958, 0.41782373, 0.41921693, 0.42060912, 0.42200032, 0.4233905, 0.4247797, 0.42616794, 
0.42755514, 0.42894134, 0.43032655, 0.43171072, 0.43309388, 0.43447605, 0.43585715, 0.43723726, 0.43861634, 0.43999436, 0.44137135, 0.44274732, 0.44412225, 0.4454961, 0.44686896, 0.44824073, 
0.44961146, 0.4509809, 0.45234948, 0.45371702, 0.45508352, 0.4564489, 0.45781323, 0.45917648, 0.46053866, 0.46189973, 0.46325973, 0.46461862, 0.46597645, 0.46733317, 0.4686888, 0.4700433, 
0.4713967, 0.472749, 0.47410017, 0.47545025, 0.47679922, 0.47814703, 0.47949374, 0.4808393, 0.48218375, 0.48352706, 0.48486924, 0.4862103, 0.48755017, 0.48888892, 0.4902265, 0.49156293, 
0.49289823, 0.49423233, 0.4955653, 0.49689707, 0.49822772, 0.49955717, 0.5008854, 0.5022125, 0.5035384, 0.50486314, 0.5061867, 0.50750905, 0.5088302, 0.5101502, 0.51146895, 0.5127865, 
0.5141028, 0.515418, 0.5167319, 0.5180446, 0.5193561, 0.52066636, 0.5219754, 0.5232832, 0.5245896, 0.52589494, 0.52719903, 0.5285019, 0.5298036, 0.5311039, 0.53240305, 0.53370094, 
0.5349976, 0.5362929, 0.53758705, 0.5388799, 0.54017144, 0.5414617, 0.5427508, 0.5440385, 0.545325, 0.5466101, 0.54789406, 0.54917663, 0.55045795, 0.55173796, 0.5530167, 0.5542941, 
0.55557024, 0.55684507, 0.5581185, 0.5593907, 0.5606616, 0.56193113, 0.56319934, 0.56446624, 0.5657318, 0.5669961, 0.568259, 0.56952053, 0.5707808, 0.57203966, 0.5732972, 0.57455343, 
0.5758082, 0.5770617, 0.5783139, 0.57956463, 0.580814, 0.58206207, 0.58330876, 0.584554, 0.58579797, 0.5870405, 0.58828163, 0.5895214, 0.5907598, 0.5919968, 0.5932324, 0.5944666, 
0.59569925, 0.5969306, 0.5981606, 0.59938926, 0.6006164, 0.60184216, 0.60306656, 0.6042895, 0.605511, 0.60673106, 0.60794973, 0.609167, 0.6103828, 0.6115971, 0.6128101, 0.61402154, 
0.6152316, 0.6164402, 0.6176473, 0.618853, 0.6200572, 0.62126, 0.62246126, 0.6236611, 0.6248595, 0.6260564, 0.6272518, 0.6284458, 0.62963825, 0.6308293, 0.63201874, 0.6332068, 
0.63439333, 0.63557833, 0.6367619, 0.6379439, 0.6391245, 0.64030355, 0.64148104, 0.6426571, 0.6438316, 0.64500463, 0.6461761, 0.647346, 0.64851445, 0.6496814, 0.6508468, 0.6520106, 
0.6531729, 0.6543337, 0.65549296, 0.65665066, 0.6578068, 0.6589614, 0.66011447, 0.6612658, 0.6624157, 0.6635641, 0.66471094, 0.6658562, 0.6669999, 0.668142, 0.66928256, 0.67042154, 
0.6715589, 0.67269474, 0.67382896, 0.6749616, 0.6760927, 0.67722213, 0.67835003, 0.6794763, 0.680601, 0.6817241, 0.68284553, 0.6839654, 0.6850837, 0.6862003, 0.68731534, 0.68842876, 
0.68954057, 0.6906507, 0.6917593, 0.6928662, 0.69397146, 0.69507515, 0.6961772, 0.69727755, 0.6983763, 0.6994734, 0.70056885, 0.70166266, 0.7027548, 0.70384526, 0.7049341, 0.7060213, 
0.7071068, 0.7081907, 0.70927286, 0.71035343, 0.7114323, 0.71250945, 0.71358496, 0.71465874, 0.7157309, 0.71680135, 0.7178701, 0.7189372, 0.7200026, 0.7210663, 0.72212815, 0.7231884, 
0.72424704, 0.7253039, 0.7263591, 0.7274126, 0.72846437, 0.7295144, 0.73056275, 0.73160934, 0.7326542, 0.7336974, 0.7347388, 0.73577857, 0.7368165, 0.7378528, 0.7388873, 0.7399201, 
0.7409511, 0.7419804, 0.74300796, 0.74403375, 0.74505776, 0.7460801, 0.7471006, 0.7481194, 0.7491364, 0.75015163, 0.75116515, 0.7521769, 0.7531868, 0.754195, 0.7552014, 0.75620604, 
0.7572087, 0.75820976, 0.7592091, 0.7602066, 0.7612023, 0.7621962, 0.7631883, 0.76417863, 0.7651672, 0.7661539, 0.76713884, 0.76812196, 0.7691032, 0.7700828, 0.77106047, 0.7720363, 
0.7730104, 0.77398264, 0.77495307, 0.77592164, 0.77688843, 0.77785337, 0.77881646, 0.7797777, 0.78073716, 0.78169477, 0.78265053, 0.7836045, 0.78455657, 0.7855068, 0.78645515, 0.78740174, 
0.7883464, 0.78928924, 0.7902302, 0.7911693, 0.79210657, 0.79304194, 0.7939755, 0.7949071, 0.7958369, 0.7967648, 0.79769087, 0.798615, 0.7995373, 0.80045766, 0.80137616, 0.8022928, 
0.8032075, 0.8041204, 0.80503136, 0.8059404, 0.8068476, 0.80775285, 0.8086562, 0.8095577, 0.8104572, 0.8113549, 0.8122506, 0.81314445, 0.81403637, 0.8149264, 0.81581444, 0.81670064, 
0.8175849, 0.8184672, 0.81934756, 0.820226, 0.82110256, 0.8219772, 0.82284987, 0.8237206, 0.8245894, 0.8254562, 0.8263211, 0.8271841, 0.8280451, 0.8289042, 0.8297613, 0.8306165, 
0.8314697, 0.832321, 0.83317024, 0.8340176, 0.83486295, 0.8357064, 0.83654785, 0.8373873, 0.8382248, 0.83906037, 0.8398939, 0.8407255, 0.8415551, 0.8423827, 0.8432084, 0.844032, 
0.8448537, 0.8456734, 0.84649104, 0.8473068, 0.84812045, 0.8489322, 0.8497419, 0.85054964, 0.8513553, 0.8521588, 0.8529605, 0.8537602, 0.8545579, 0.8553536, 0.8561472, 0.8569389, 
0.85772854, 0.85851616, 0.85930175, 0.8600853, 0.86086684, 0.86164635, 0.8624239, 0.86319935, 0.8639728, 0.8647442, 0.86551356, 0.8662809, 0.8670462, 0.8678094, 0.8685706, 0.8693298, 
0.87008697, 0.87084204, 0.871595, 0.872346, 0.8730949, 0.8738418, 0.87458664, 0.8753294, 0.8760701, 0.8768087, 0.87754524, 0.87827975, 0.8790122, 0.87974256, 0.8804709, 0.8811971, 
0.88192123, 0.88264334, 0.8833633, 0.88408124, 0.8847971, 0.88551086, 0.88622254, 0.88693213, 0.88763964, 0.88834506, 0.88904834, 0.8897496, 0.89044875, 0.89114577, 0.8918407, 0.89253354, 
0.8932243, 0.893913, 0.8945995, 0.89528394, 0.8959663, 0.8966465, 0.8973246, 0.8980006, 0.8986745, 0.8993463, 0.90001595, 0.90068346, 0.9013489, 0.90201217, 0.90267336, 0.9033324, 
0.9039893, 0.90464413, 0.9052968, 0.9059473, 0.90659577, 0.90724206, 0.90788615, 0.90852815, 0.90916806, 0.9098058, 0.91044134, 0.9110748, 0.9117061, 0.9123353, 0.91296226, 0.9135871, 
0.91420984, 0.9148304, 0.9154488, 0.91606504, 0.91667914, 0.91729105, 0.91790086, 0.91850847, 0.91911393, 0.91971725, 0.92031837, 0.92091733, 0.92151415, 0.92210877, 0.92270124, 0.9232915, 
0.9238796, 0.9244656, 0.92504936, 0.9256309, 0.92621034, 0.92678756, 0.9273626, 0.9279353, 0.928506, 0.9290745, 0.9296408, 0.9302049, 0.9307669, 0.9313266, 0.9318842, 0.93243957, 
0.93299276, 0.93354374, 0.9340925, 0.9346391, 0.93518347, 0.9357256, 0.93626565, 0.9368034, 0.93733895, 0.93787235, 0.9384035, 0.9389324, 0.9394592, 0.9399837, 0.94050604, 0.94102615, 
0.94154406, 0.9420597, 0.9425732, 0.9430844, 0.94359344, 0.94410026, 0.9446048, 0.94510716, 0.9456073, 0.94610524, 0.9466009, 0.9470943, 0.9475856, 0.9480746, 0.9485613, 0.9490459, 
0.94952816, 0.9500082, 0.95048606, 0.95096165, 0.951435, 0.95190614, 0.952375, 0.95284164, 0.953306, 0.9537682, 0.9542281, 0.95468575, 0.9551412, 0.95559436, 0.95604527, 0.9564939, 
0.95694035, 0.9573845, 0.95782644, 0.9582661, 0.9587035, 0.95913863, 0.95957154, 0.9600022, 0.96043056, 0.9608567, 0.9612805, 0.9617021, 0.9621214, 0.9625385, 0.96295327, 0.96336585, 
0.9637761, 0.9641841, 0.96458983, 0.9649933, 0.9653945, 0.9657934, 0.96619004, 0.9665844, 0.9669765, 0.96736634, 0.9677539, 0.9681392, 0.96852213, 0.9689028, 0.96928126, 0.9696574, 
0.9700313, 0.9704029, 0.9707722, 0.9711392, 0.9715039, 0.97186637, 0.97222656, 0.9725844, 0.97294, 0.9732933, 0.9736443, 0.973993, 0.9743394, 0.9746836, 0.9750254, 0.9753649, 
0.97570217, 0.97603714, 0.9763698, 0.9767001, 0.9770282, 0.97735393, 0.97767735, 0.9779985, 0.9783173, 0.9786339, 0.9789481, 0.9792601, 0.97956973, 0.97987705, 0.9801821, 0.98048484, 
0.98078525, 0.98108333, 0.98137915, 0.98167264, 0.9819638, 0.9822527, 0.9825393, 0.98282355, 0.9831055, 0.9833851, 0.9836624, 0.9839374, 0.9842101, 0.98448044, 0.9847485, 0.9850142, 
0.98527765, 0.9855387, 0.9857975, 0.98605394, 0.9863081, 0.9865599, 0.9868094, 0.98705655, 0.9873014, 0.98754394, 0.98778415, 0.988022, 0.9882576, 0.98849076, 0.98872167, 0.98895025, 
0.9891765, 0.98940045, 0.989622, 0.9898413, 0.9900582, 0.9902728, 0.9904851, 0.990695, 0.99090266, 0.99110794, 0.99131083, 0.99151146, 0.99170977, 0.9919057, 0.99209934, 0.9922906, 
0.99247956, 0.9926661, 0.9928504, 0.99303234, 0.993212, 0.99338925, 0.9935641, 0.99373674, 0.993907, 0.9940749, 0.99424046, 0.9944037, 0.9945646, 0.99472314, 0.99487936, 0.9950332, 
0.9951847, 0.9953339, 0.9954808, 0.99562526, 0.9957674, 0.99590725, 0.9960447, 0.9961798, 0.9963126, 0.9964431, 0.9965712, 0.9966969, 0.99682033, 0.9969414, 0.99706006, 0.99717647, 
0.9972905, 0.99740213, 0.99751145, 0.99761844, 0.9977231, 0.9978254, 0.9979253, 0.9980229, 0.9981181, 0.998211, 0.99830157, 0.9983898, 0.9984756, 0.9985591, 0.99864024, 0.99871904, 
0.99879545, 0.99886954, 0.9989413, 0.9990107, 0.99907774, 0.9991424, 0.99920475, 0.9992647, 0.99932235, 0.99937767, 0.9994306, 0.9994812, 0.9995294, 0.9995753, 0.9996188, 0.99966, 
0.9996988, 0.9997353, 0.9997694, 0.99980116, 0.9998306, 0.99985766, 0.99988234, 0.9999047, 0.9999247, 0.99994236, 0.9999576, 0.9999706, 0.99998116, 0.9999894, 0.9999953, 0.9999988, 
1, 0.9999988, 0.9999953, 0.9999894, 0.99998116, 0.9999706, 0.9999576, 0.99994236, 0.9999247, 0.9999047, 0.99988234, 0.99985766, 0.9998306, 0.99980116, 0.9997694, 0.9997353, 
0.9996988, 0.99966, 0.9996188, 0.9995753, 0.9995294, 0.9994812, 0.9994306, 0.99937767, 0.99932235, 0.9992647, 0.99920475, 0.9991424, 0.99907774, 0.9990107, 0.9989413, 0.99886954, 
0.99879545, 0.99871904, 0.99864024, 0.99855906, 0.99847555, 0.9983897, 0.99830157, 0.998211, 0.9981181, 0.99802285, 0.9979253, 0.9978253, 0.99772304, 0.99761844, 0.99751145, 0.99740213, 
0.99729043, 0.9971764, 0.99706006, 0.9969413, 0.9968203, 0.9966969, 0.9965711, 0.99644303, 0.9963126, 0.9961798, 0.9960447, 0.9959072, 0.9957674, 0.99562526, 0.9954807, 0.9953339, 
0.9951847, 0.9950332, 0.9948793, 0.9947231, 0.99456453, 0.99440366, 0.9942404, 0.9940749, 0.9939069, 0.9937367, 0.9935641, 0.9933892, 0.9932119, 0.99303234, 0.99285036, 0.9926661, 
0.9924795, 0.99229056, 0.9920993, 0.9919057, 0.99170977, 0.9915115, 0.9913109, 0.99110794, 0.99090266, 0.99069506, 0.99048513, 0.9902728, 0.99005824, 0.9898413, 0.98962206, 0.98940045, 
0.9891765, 0.9889503, 0.9887217, 0.9884908, 0.9882576, 0.988022, 0.98778415, 0.98754394, 0.9873014, 0.9870566, 0.98680943, 0.9865599, 0.9863081, 0.986054, 0.9857975, 0.9855387, 
0.98527765, 0.98501426, 0.9847485, 0.98448044, 0.9842101, 0.98393744, 0.9836624, 0.98338515, 0.9831055, 0.98282355, 0.9825393, 0.9822527, 0.9819639, 0.9816727, 0.9813792, 0.9810834, 
0.98078525, 0.98048484, 0.9801821, 0.9798771, 0.97956973, 0.97926015, 0.9789482, 0.97863394, 0.9783174, 0.9779985, 0.97767735, 0.9773539, 0.97702813, 0.97670007, 0.97636974, 0.9760371, 
0.9757021, 0.97536486, 0.97502536, 0.97468346, 0.97433937, 0.97399294, 0.97364426, 0.97329324, 0.9729399, 0.97258437, 0.97222644, 0.9718663, 0.97150385, 0.97113913, 0.9707721, 0.9704028, 
0.9700312, 0.96965736, 0.9692812, 0.96890277, 0.9685221, 0.96813905, 0.96775377, 0.9673662, 0.9669764, 0.9665843, 0.96619, 0.9657933, 0.9653944, 0.9649932, 0.9645897, 0.964184, 
0.963776, 0.96336573, 0.9629532, 0.9625384, 0.96212137, 0.961702, 0.9612804, 0.96085656, 0.96043044, 0.96000206, 0.9595714, 0.9591386, 0.9587034, 0.958266, 0.9578263, 0.9573844, 
0.95694023, 0.95649385, 0.9560453, 0.95559436, 0.95514125, 0.9546858, 0.95422816, 0.95376825, 0.9533061, 0.9528417, 0.95237505, 0.9519062, 0.9514351, 0.9509617, 0.9504861, 0.9500083, 
0.9495282, 0.9490459, 0.9485614, 0.94807464, 0.94758564, 0.9470944, 0.946601, 0.94610524, 0.94560736, 0.9451072, 0.9446049, 0.94410026, 0.9435935, 0.9430845, 0.9425732, 0.94205976, 
0.94154406, 0.9410262, 0.9405061, 0.9399838, 0.93945926, 0.9389325, 0.93840355, 0.9378724, 0.937339, 0.93680346, 0.93626565, 0.9357257, 0.9351835, 0.93463916, 0.9340925, 0.93354374, 
0.9329928, 0.9324396, 0.9318842, 0.9313267, 0.93076694, 0.930205, 0.9296409, 0.9290746, 0.9285061, 0.92793536, 0.9273625, 0.92678744, 0.9262102, 0.9256308, 0.9250492, 0.9244654, 
0.9238795, 0.9232914, 0.9227011, 0.92210865, 0.921514, 0.9209172, 0.92031825, 0.9197171, 0.9191138, 0.91850835, 0.91790074, 0.9172909, 0.916679, 0.9160649, 0.91544867, 0.91483027, 
0.91420966, 0.913587, 0.91296214, 0.9123351, 0.911706, 0.91107464, 0.9104412, 0.90980566, 0.9091679, 0.90852803, 0.907886, 0.9072419, 0.9065956, 0.9059472, 0.9052967, 0.904644, 
0.9039892, 0.9033323, 0.90267324, 0.90201205, 0.90134877, 0.90068334, 0.9000158, 0.8993461, 0.89867437, 0.8980005, 0.89732444, 0.8966463, 0.8959661, 0.8952838, 0.8945994, 0.8939128, 
0.8932242, 0.89253366, 0.8918408, 0.8911458, 0.8904488, 0.88974965, 0.88904846, 0.8883451, 0.8876397, 0.8869322, 0.8862226, 0.8855109, 0.88479716, 0.8840813, 0.8833634, 0.8826434, 
0.8819213, 0.88119715, 0.88047093, 0.8797426, 0.8790123, 0.87827986, 0.87754536, 0.87680876, 0.87607014, 0.87532943, 0.8745867, 0.8738419, 0.87309504, 0.8723461, 0.8715951, 0.8708421, 
0.870087, 0.86932987, 0.86857074, 0.86780953, 0.86704624, 0.866281, 0.8655136, 0.86474425, 0.86397284, 0.8631994, 0.86242396, 0.8616465, 0.86086696, 0.86008537, 0.8593018, 0.8585162, 
0.8577286, 0.85693896, 0.8561473, 0.85535365, 0.854558, 0.8537603, 0.8529606, 0.85215884, 0.85135514, 0.85054946, 0.84974176, 0.848932, 0.84812033, 0.8473066, 0.8464909, 0.8456732, 
0.8448535, 0.8440319, 0.8432082, 0.84238255, 0.84155494, 0.8407253, 0.83989376, 0.8390602, 0.83822465, 0.83738714, 0.8365477, 0.83570623, 0.83486277, 0.8340174, 0.83317006, 0.83232075, 
0.83146954, 0.8306163, 0.82976115, 0.82890403, 0.82804495, 0.8271839, 0.82632095, 0.825456, 0.8245892, 0.8237204, 0.8228497, 0.821977, 0.8211024, 0.82022583, 0.8193474, 0.818467, 
0.8175847, 0.81670046, 0.81581426, 0.8149262, 0.8140362, 0.81314427, 0.81225044, 0.8113547, 0.81045705, 0.8095575, 0.80865604, 0.80775267, 0.8068474, 0.8059402, 0.8050312, 0.8041202, 
0.80320764, 0.8022929, 0.8013763, 0.8004578, 0.79953736, 0.7986151, 0.7976909, 0.7967649, 0.795837, 0.7949072, 0.79397553, 0.79304206, 0.7921066, 0.7911694, 0.7902303, 0.7892893, 
0.78834647, 0.7874018, 0.7864553, 0.7855069, 0.7845566, 0.78360456, 0.78265065, 0.7816949, 0.7807373, 0.7797778, 0.7788165, 0.7778534, 0.7768885, 0.7759217, 0.7749531, 0.7739827, 
0.7730105, 0.77203643, 0.7710605, 0.77008283, 0.76910335, 0.768122, 0.7671389, 0.766154, 0.76516724, 0.76417875, 0.7631884, 0.7621963, 0.7612024, 0.76020664, 0.75920916, 0.7582099, 
0.7572088, 0.756206, 0.75520134, 0.7541949, 0.75318676, 0.7521768, 0.7511651, 0.7501516, 0.7491363, 0.74811935, 0.74710053, 0.74608004, 0.7450577, 0.7440337, 0.7430079, 0.7419804, 
0.74095106, 0.73992, 0.73888725, 0.73785275, 0.73681647, 0.7357785, 0.73473877, 0.73369735, 0.73265415, 0.7316093, 0.7305627, 0.72951436, 0.7284643, 0.7274125, 0.72635907, 0.7253038, 
0.724247, 0.72318834, 0.7221281, 0.72106606, 0.72000235, 0.718937, 0.7178699, 0.7168011, 0.71573067, 0.71465856, 0.7135847, 0.7125092, 0.71143204, 0.7103532, 0.7092727, 0.70819044, 
0.7071066, 0.7060211, 0.7049339, 0.7038451, 0.70275456, 0.7016624, 0.7005686, 0.69947314, 0.69837606, 0.6972773, 0.69617695, 0.6950749, 0.6939713, 0.69286597, 0.6917594, 0.6906508, 
0.6895407, 0.6884289, 0.68731546, 0.68620044, 0.68508375, 0.6839655, 0.68284565, 0.6817242, 0.6806011, 0.67947644, 0.67835015, 0.67722225, 0.6760928, 0.67496175, 0.6738291, 0.67269486, 
0.67155904, 0.6704216, 0.6692827, 0.6681421, 0.667, 0.6658563, 0.66471106, 0.6635642, 0.6624158, 0.6612659, 0.6601144, 0.65896136, 0.65780675, 0.6566506, 0.6554929, 0.65433365, 
0.65317285, 0.65201056, 0.6508467, 0.6496813, 0.6485144, 0.64734596, 0.64617604, 0.6450045, 0.64383155, 0.64265704, 0.641481, 0.6403035, 0.63912445, 0.63794386, 0.63676184, 0.6355783, 
0.6343933, 0.6332067, 0.6320187, 0.63082916, 0.6296382, 0.62844574, 0.62725174, 0.6260563, 0.62485945, 0.62366104, 0.6224612, 0.6212599, 0.6200571, 0.6188529, 0.61764723, 0.6164401, 
0.6152315, 0.6140215, 0.61280996, 0.61159706, 0.6103827, 0.6091669, 0.6079497, 0.606731, 0.60551095, 0.6042894, 0.60306644, 0.6018421, 0.60061634, 0.59938914, 0.59816056, 0.59693056, 
0.59569913, 0.5944663, 0.59323215, 0.59199655, 0.5907595, 0.58952117, 0.5882814, 0.58704025, 0.58579767, 0.5845538, 0.58330846, 0.5820618, 0.58081377, 0.57956433, 0.5783136, 0.5770615, 
0.575808, 0.57455313, 0.57329696, 0.5720394, 0.5707805, 0.5695203, 0.5682587, 0.5669958, 0.5657316, 0.564466, 0.5631991, 0.5619309, 0.5606613, 0.55939084, 0.55811864, 0.5568452, 
0.55557036, 0.5542942, 0.55301684, 0.5517381, 0.5504581, 0.54917675, 0.5478942, 0.5466103, 0.5453251, 0.5440386, 0.5427509, 0.5414618, 0.54017156, 0.53888, 0.53758717, 0.536293, 
0.5349977, 0.53370106, 0.5324032, 0.5311041, 0.5298037, 0.52850205, 0.5271992, 0.52589506, 0.5245897, 0.5232831, 0.52197534, 0.5206663, 0.519356, 0.51804453, 0.5167318, 0.5154179, 
0.51410276, 0.5127864, 0.5114688, 0.5101501, 0.50883013, 0.507509, 0.5061866, 0.5048631, 0.50353837, 0.50221246, 0.50088537, 0.49955708, 0.49822763, 0.496897, 0.4955652, 0.49423227, 
0.49289814, 0.49156287, 0.49022642, 0.48888883, 0.48755008, 0.4862102, 0.48486918, 0.483527, 0.4821837, 0.48083925, 0.47949368, 0.47814697, 0.47679913, 0.4754502, 0.4741001, 0.47274894, 
0.47139663, 0.4700432, 0.4686887, 0.46733308, 0.46597636, 0.46461856, 0.46325964, 0.46189964, 0.46053857, 0.4591764, 0.45781314, 0.45644882, 0.45508343, 0.45371696, 0.45234942, 0.4509808, 
0.44961116, 0.44824043, 0.44686866, 0.44549584, 0.44412196, 0.44274703, 0.44137108, 0.43999407, 0.43861604, 0.43723696, 0.43585688, 0.43447575, 0.4330936, 0.43171042, 0.43032625, 0.42894104, 
0.42755485, 0.42616764, 0.42477944, 0.4233902, 0.42200002, 0.42060882, 0.41921663, 0.41782343, 0.41642928, 0.41503415, 0.41363803, 0.41224095, 0.4108433, 0.4094443, 0.4080443, 0.40664336, 
0.40524143, 0.40383857, 0.40243477, 0.40103, 0.39962432, 0.39821768, 0.39681008, 0.39540157, 0.39399213, 0.39258176, 0.39117047, 0.38975826, 0.38834512, 0.3869311, 0.38551614, 0.38410026, 
0.3826835, 0.38126582, 0.37984726, 0.3784278, 0.37700745, 0.3755862, 0.3741641, 0.3727411, 0.37131724, 0.36989248, 0.36846685, 0.36704037, 0.365613, 0.3641848, 0.36275575, 0.3613258, 
0.35989505, 0.3584634, 0.35703096, 0.35559765, 0.35416353, 0.35272855, 0.35129273, 0.3498561, 0.34841865, 0.34698036, 0.3455413, 0.3441014, 0.34266067, 0.34121916, 0.33977684, 0.3383337, 
0.3368898, 0.33544508, 0.33399957, 0.3325533, 0.33110622, 0.3296584, 0.32820976, 0.32676035, 0.3253102, 0.32385927, 0.32240757, 0.32095513, 0.3195019, 0.31804797, 0.31659326, 0.3151378, 
0.3136816, 0.3122247, 0.31076702, 0.30930862, 0.3078495, 0.30638966, 0.30492908, 0.30346778, 0.3020058, 0.30054307, 0.29907966, 0.29761553, 0.2961507, 0.29468518, 0.29321897, 0.29175207, 
0.29028448, 0.2888162, 0.28734726, 0.28587762, 0.28440732, 0.28293636, 0.28146473, 0.27999243, 0.27851945, 0.27704585, 0.27557158, 0.27409667, 0.2726211, 0.2711449, 0.26966807, 0.2681906, 
0.2667125, 0.26523376, 0.2637544, 0.26227444, 0.26079383, 0.25931263, 0.2578308, 0.2563484, 0.25486535, 0.25338173, 0.25189796, 0.25041315, 0.24892776, 0.24744175, 0.24595518, 0.24446803, 
0.2429803, 0.241492, 0.24000314, 0.23851371, 0.23702371, 0.23553316, 0.23404206, 0.23255041, 0.23105821, 0.22956546, 0.22807217, 0.22657834, 0.22508399, 0.2235891, 0.22209369, 0.22059776, 
0.2191013, 0.21760434, 0.21610685, 0.21460886, 0.21311036, 0.21161136, 0.21011187, 0.20861189, 0.2071114, 0.20561044, 0.20410898, 0.20260705, 0.20110464, 0.19960177, 0.1980984, 0.1965946, 
0.19509031, 0.19358557, 0.19208038, 0.19057474, 0.18906865, 0.1875621, 0.18605512, 0.1845477, 0.18303984, 0.18153156, 0.18002285, 0.17851372, 0.17700416, 0.1754942, 0.17398381, 0.17247301, 
0.17096181, 0.16945021, 0.16793822, 0.16642581, 0.16491303, 0.16339985, 0.16188629, 0.16037235, 0.15885803, 0.15734334, 0.15582828, 0.15431285, 0.15279706, 0.15128091, 0.1497644, 0.14824754, 
0.14673033, 0.14521277, 0.14369488, 0.14217664, 0.14065808, 0.13913918, 0.13761996, 0.1361004, 0.13458052, 0.13306034, 0.13153984, 0.13001902, 0.12849791, 0.12697649, 0.12545478, 0.123932764, 
0.12241046, 0.12088787, 0.11936499, 0.11784183, 0.1163184, 0.114794694, 0.113270715, 0.11174647, 0.11022196, 0.10869719, 0.10717217, 0.10564689, 0.104121365, 0.1025956, 0.101069584, 0.09954334, 
0.09801686, 0.096490145, 0.0949632, 0.09343604, 0.091908656, 0.090381056, 0.08885324, 0.08732522, 0.08579699, 0.08426904, 0.08274041, 0.08121159, 0.07968257, 0.07815338, 0.07662399, 0.075094424, 
0.073564686, 0.07203477, 0.07050469, 0.068974435, 0.06744403, 0.06591345, 0.064382724, 0.062851846, 0.061320823, 0.059789654, 0.058258343, 0.056726895, 0.055195313, 0.053663604, 0.052131765, 0.050599806, 
0.049067724, 0.04753553, 0.046003226, 0.04447081, 0.042938292, 0.04140567, 0.03987295, 0.03834014, 0.03680724, 0.035274252, 0.03374118, 0.03220803, 0.030674802, 0.029141504, 0.027608138, 0.026074704, 
0.02454121, 0.02300766, 0.021474054, 0.019940397, 0.018406695, 0.016872948, 0.015339162, 0.01380534, 0.012271485, 0.010737603, 0.009203694, 0.007669763, 0.006135815, 0.0046018516, 0.003067878, 0.0015338971, 
